last-generated=2018-09-07
statistics-initialization=
{
  "numerical Jacobians": "39", 
  "nonlinear": "1, 1, 1, 1, 1, 1, 1, 1, 1, 1, 1, 1, 1, 1, 1, 1, 1, 1, 1, 1, 1, 1, 1, 1, 1, 1, 1,   1, 1, 1, 1, 1, 1, 1, 50, 1, 1, 1, 1, 3, 1, 1, 0, 1, 1, 1, 1", 
  "linear": "0, 0, 0, 0, 0, 0, 0, 0, 0, 0, 0, 0, 0, 0, 0, 0, 0, 0, 0, 0, 0, 0, 0, 0, 0, 0, 0,   0, 0, 0, 0, 0, 0, 0, 0, 0, 2, 0"
}
statistics-simulation=
{
  "numerical Jacobians": "14", 
  "nonlinear": "6, 19, 0, 1, 1, 1, 12, 1, 1, 2, 1, 10, 0, 1, 3, 1, 1, 0, 1, 1, 1, 1, 1, 1, 1", 
  "number of continuous time states": "280", 
  "linear": "2, 0, 6, 0, 0, 0, 0, 0, 0, 0, 0, 0, 0, 0, 0, 0, 0, 0, 0, 0, 0, 0, 0, 0, 0, 0, 0,   0, 0, 0, 0, 0, 0, 0, 0, 0, 0, 0, 0, 0, 0, 0, 0, 0, 0, 0, 0, 0, 0, 0, 0, 0, 0,   4, 0, 0, 0, 0, 0, 0, 0, 0, 0, 0, 0, 0, 0, 0, 0, 0, 0, 0, 0, 0, 0, 0"
}
SY.sensorW_EG.W=[-339400096., -350027552., -349942752., -349947488., -349844192., -349813408., -349785088., -349758144., -349732384., -349707616., -349683680., -349660384., -349637504., -349614816., -349592224., -349569440., -349546368., -349522816., -349498624., -349473600., -349447584., -349420384., -349238752., -348548384., -347907712., -347326144., -346805088., -346343584., -345939008., -345587456., -345284352., -345024736., -344803680., -344616352., -344458240., -344325120., -344213536., -344120256., -344042368., -343977536., -343923616., -343878784., -343841568., -343810688., -343785088., -343763872., -343746304., -343731744., -343719680., -343709696., -343701408., -343694560., -343688896., -343684192., -343680288., -343677056., -343674368., -343672128., -343670272., -343668736., -343667456., -343666400., -343665504., -343664800., -343664160., -343663648., -343663200., -343662848., -343662528., -343662272., -343662048., -343661856., -343661696., -381508064., -381507936., -381507840., -381507744., -381507680., -381507616., -381507552., -381507520., -381507456., -381507424., -381507392., -381507360., -381507328., -381507296., -381507296., -381507264., -381507264., -381507232., -381507232., -381507200., -381507200., -381507200., -381507168., -381507168., -380620512., -379594016., -378567552., -377541088.]
time=[0., 10000.]
