last-generated=2018-11-01
statistics-initialization=
{
  "numerical Jacobians": "2", 
  "nonlinear": "1, 1, 1, 1, 4, 1, 1, 1, 1, 0, 1, 1, 1, 65, 3, 1, 2, 1, 1, 1, 1, 1, 1", 
  "linear": "0, 0, 0, 2"
}
statistics-simulation=
{
  "numerical Jacobians": "11", 
  "nonlinear": "19, 1, 1, 18, 4, 17, 1, 1, 1, 1, 2, 1, 1, 1, 2, 1, 9, 1, 1, 1, 1, 1, 1, 1, 1, 1", 
  "number of continuous time states": "370", 
  "linear": "0, 0, 6, 0, 0, 2, 5, 0, 0, 4, 0, 0, 0, 0, 0, 0, 0, 0, 0, 0, 0, 0, 0, 0, 0, 0, 0,   0, 0, 0, 0, 0, 0, 0, 0, 0, 0, 0, 0, 0, 0, 0, 0, 0, 0, 0, 0, 0, 0, 0, 0, 0, 0,   0, 0, 0, 0, 0, 0, 0, 0, 0, 0, 0, 0, 0, 0, 0, 0, 0, 0, 0, 0, 0, 0, 0, 0, 0, 0,   0, 0, 0, 0, 0, 0, 0, 0, 0, 0, 0, 0, 0, 0, 0, 0, 0, 0, 0, 0, 0, 0, 0, 0, 0, 0,   0, 0, 0, 0, 0, 0, 0, 0, 0, 0, 0, 0, 0, 0, 0, 0, 0, 0, 0, 0, 0, 0, 0, 0, 0, 0,   0, 0, 0, 0, 0, 0, 0, 0, 0, 0, 0, 0"
}
BOP.sensorBus.W_total=[18303314., 1351524224., 1344443776., 1189311232., 1189307776., 1189275136., 1189307776., 1189307648., 1189307648., 1189307648., 1189307648., 1189307648., 1189307648., 1189307648., 1189307648., 1189307648., 1189307648., 1189307648., 1189307648., 1189307648., 1189307648., 1189307648., 1189307648., 1189307648., 1189307648., 1189307648., 1189307648., 1189307648., 1189307648., 1189307648., 1189307648., 1189307648., 1189307648., 1189307648., 1189307648., 1189307648., 1189307648., 1189307648., 1189307648., 1189307648., 1189307648., 1189307648., 1189307648., 1189307648., 1189307648., 1189307648., 1189307648., 1189307648., 1189307648., 1189307648., 1189307648., 1189307648., 1189307648., 1189307648., 1189307648., 1189307648., 1189307648., 1189307648., 1189307648., 1189307648., 1189307648., 1189307648., 1189307648., 1189307648., 1189307648., 1189307648., 1379135744., 1383083264., 1387831040., 1389161216., 1389218816., 1388726400., 1388100608., 1387517568., 1387082112., 1386772608., 1386566016., 1386435712., 1386356992., 1386325376., 1386316160., 1386315008., 1386316416., 1386315008., 1386311424., 1386306048., 1386299136., 1386290688., 1386281856., 1386273792., 1386266240., 1386259072., 1386251904., 1386244736., 1386237440., 1386230144., 1386223104., 1386216192., 1386209536., 1386203008., 1386196608.]
time=[0., 11000.]
