last-generated=2018-11-01
statistics-initialization=
{
  "numerical Jacobians": "2", 
  "nonlinear": "1, 1, 1, 1, 4, 1, 0, 1, 1, 1, 1, 1, 1, 65, 3, 1, 2, 1, 1, 1, 1, 1, 1", 
  "linear": "0, 0, 0, 3"
}
statistics-simulation=
{
  "numerical Jacobians": "11", 
  "nonlinear": "18, 4, 17, 1, 1, 1, 1, 2, 19, 1, 1, 1, 1, 2, 1, 1, 9, 1, 1, 1, 1, 1, 1, 1, 1, 1", 
  "number of continuous time states": "371", 
  "linear": "0, 6, 0, 0, 0, 3, 5, 0, 0, 0, 0, 0, 0, 0, 0, 0, 0, 0, 0, 0, 0, 0, 0, 0, 0, 0, 0,   0, 0, 0, 0, 0, 0, 0, 0, 0, 0, 0, 0, 0, 0, 0, 0, 0, 0, 0, 4, 0, 0, 0, 0, 0, 0,   0, 0, 0, 0, 0, 0, 0, 0, 0, 0, 0, 0, 0, 0, 0, 0, 0, 0, 0, 0, 0, 0, 0, 0, 0, 0,   0, 0, 0, 0, 0, 0, 0, 0, 0, 0, 0, 0, 0, 0, 0, 0, 0, 0, 0, 0, 0, 0, 0, 0, 0, 0,   0, 0, 0, 0, 0, 0, 0, 0, 0, 0, 0, 0, 0, 0, 0, 0, 0, 0, 0, 0, 0, 0, 0, 0, 0, 0,   0, 0, 0, 0, 0, 0, 0, 0, 0, 0, 0, 0"
}
BOP.sensorBus.W_total=[18303314., 1403123712., 1441374208., 1189306496., 1189307776., 1189307648., 1189307776., 1189307776., 1189307776., 1189307776., 1189307776., 1189307776., 1189307776., 1189307776., 1189307776., 1189307776., 1189307776., 1189307776., 1189307776., 1189307776., 1189307776., 1189307776., 1189307776., 1189307776., 1189307776., 1189307776., 1189307776., 1189307776., 1189307776., 1189307776., 1189307776., 1189307776., 1189307648., 1189307648., 1189307648., 1189307648., 1189307648., 1189307648., 1189307648., 1189307648., 1189307648., 1189307648., 1189307648., 1189307648., 1189307648., 1189307648., 1189307648., 1189307648., 1189307648., 1189307648., 1189307648., 1189307648., 1189307648., 1189307648., 1189307648., 1189307648., 1189307648., 1189307648., 1189307648., 1189307648., 1189307648., 1189307648., 1189307648., 1189307648., 1189307648., 1189307648., 1374394880., 1360666368., 1356723328., 1353182080., 1349573632., 1345758848., 1342159616., 1338835968., 1335804672., 1333055104., 1330574592., 1328343808., 1326342784., 1324549888., 1322945664., 1321512192., 1320231168., 1319087488., 1318064896., 1317149952., 1316332672., 1315603840., 1314949120., 1314363008., 1313839744., 1313373824., 1312957696., 1312583808., 1312248704., 1311949056., 1311680768., 1311439872., 1311223808., 1311029632., 1310855168.]
time=[0., 11000.]
