last-generated=2018-09-07
statistics-initialization=
{
  "numerical Jacobians": "39", 
  "nonlinear": "1, 1, 1, 1, 1, 1, 1, 1, 1, 1, 1, 1, 1, 1, 1, 1, 1, 1, 1, 1, 1, 1, 1, 1, 1, 1, 1,   1, 1, 1, 1, 1, 1, 1, 1, 20, 1, 1, 3, 1, 1, 0, 1, 1, 1, 1", 
  "linear": "0, 0, 0, 0, 0, 0, 0, 0, 0, 0, 0, 0, 0, 0, 0, 0, 0, 0, 0, 0, 0, 0, 0, 0, 0, 0, 0,   0, 0, 0, 0, 0, 0, 0, 0, 0, 2, 0"
}
statistics-simulation=
{
  "numerical Jacobians": "10", 
  "nonlinear": "6, 14, 1, 1, 1, 1, 3, 1, 1, 0, 1, 1, 1, 1, 1", 
  "number of continuous time states": "262", 
  "linear": "2, 0, 0, 0, 0, 0, 0, 0, 0, 0, 0, 0, 0, 0, 0, 0, 0, 0, 0, 0, 0, 0, 0, 0, 0, 0, 0,   0, 0, 0, 0, 0, 0, 0, 0, 0, 0, 0, 0, 0, 0, 0, 0, 0, 0, 0, 0, 0, 0, 0, 0, 0, 4,   0, 0, 0, 0, 0, 0, 0, 0, 0, 0, 0, 0, 0, 0, 0, 0, 0, 0, 0, 0, 0, 0"
}
SY.sensorW_EG.W=[-359222944., -369852032., -369767264., -369771968., -369668672., -369637920., -369609600., -369582624., -369556864., -369532128., -369508192., -369484864., -369461984., -369439328., -369416704., -369393952., -369370880., -369347328., -369323104., -369298080., -369272064., -369244896., -369063232., -368372864., -367732192., -367150624., -366629568., -366168064., -365763488., -365411936., -365108832., -364849248., -364628192., -364440832., -364282752., -364149632., -364038048., -363944736., -363866912., -363802048., -363748096., -363703264., -363666048., -363635200., -363609600., -363588384., -363570784., -363556224., -363544192., -363534176., -363525920., -363519072., -363513376., -363508672., -363504768., -363501536., -363498848., -363496608., -363494752., -363493216., -363491936., -363490880., -363489984., -363489280., -363488672., -363488128., -363487712., -363487328., -363487008., -363486752., -363486528., -363486336., -363486176., -396756608., -396726560., -396684928., -396685696., -396685632., -396685568., -396685536., -396685472., -396685440., -396045440., -395019072., -393992640., -392966208., -391939776., -390913312., -389886880., -388860416., -387833952., -386807488., -385781024., -384754560., -383728096., -382701600., -381675104., -380648640., -379622144., -378595648., -377569120.]
time=[0., 10000.]
