last-generated=2018-09-07
statistics-initialization=
{
  "numerical Jacobians": "40", 
  "nonlinear": "1, 1, 1, 1, 1, 1, 1, 1, 1, 1, 1, 1, 1, 1, 1, 1, 1, 1, 1, 1, 1, 1, 1, 1, 1, 1, 1,   1, 1, 1, 1, 1, 1, 1, 1, 1, 1, 1, 4, 4, 1, 1, 1, 1, 65, 1, 1, 2, 1, 1, 1, 2, 1,   1, 1, 1, 0, 1, 1, 1, 3, 1, 1", 
  "linear": "0, 0, 0, 0, 0, 0, 0, 0, 0, 0, 0, 0, 0, 0, 0, 0, 0, 0, 0, 0, 0, 0, 0, 0, 0, 0, 0,   0, 0, 0, 0, 0, 0, 0, 0, 0, 0, 2, 0"
}
statistics-simulation=
{
  "numerical Jacobians": "17", 
  "nonlinear": "6, 18, 4, 1, 1, 1, 1, 2, 19, 1, 1, 1, 1, 2, 1, 1, 9, 1, 0, 2, 1, 5, 1, 1, 1, 1,   1, 1, 1, 3, 1, 1, 1", 
  "number of continuous time states": "318", 
  "linear": "2, 0, 0, 6, 0, 0, 0, 0, 0, 0, 0, 0, 0, 0, 0, 0, 0, 0, 0, 0, 0, 0, 0, 0, 0, 0, 0,   0, 0, 0, 0, 0, 0, 0, 0, 0, 0, 0, 0, 0, 0, 0, 0, 0, 0, 4, 0, 0, 0, 0, 0, 0, 0,   0, 0, 0, 0, 0, 0, 0, 0, 0, 0, 0, 0, 0, 0, 0, 0, 0, 0, 0, 0, 0, 0, 0, 0, 0, 0"
}
SY.sensorW_EG.W=[-384773280., -395383840., -395236256., -395198272., -395186560., -395183008., -395181312., -395180288., -395179712., -395179424., -395179360., -395179424., -395179552., -395179712., -395179872., -395180032., -395180224., -395180352., -395180512., -395180640., -395180768., -395180896., -395181024., -395181120., -395181216., -395181312., -395181408., -395181504., -395181568., -395181664., -395181728., -395181824., -395181888., -395181952., -395182016., -395182080., -395182144., -395182208., -395182272., -395182336., -395182368., -395182432., -395182496., -395182528., -395182592., -395182624., -395182656., -395182720., -395182752., -395182784., -395182848., -395182880., -395182912., -395182944., -395182976., -395183040., -395183072., -395183104., -395183136., -395183168., -395183232., -395183264., -395183296., -395183328., -395183360., -395183392., -390789568., -390935520., -390641184., -388364000.00000005960464477539, -383809984.00000005960464477539, -379146112., -374971840., -371745728., -369611552., -368436288., -367971136., -367978336., -368280448., -368759808., -369343584., -369462304., -369013024., -368584672., -368168480., -367759552., -367354880., -366952640., -366551872., -366151872., -365752352., -365353088., -364953952., -364554816., -364155712., -363756544., -363357344., -362958080., -362558720., -361218272., -355766336.]
time=[0., 11000.]
