last-generated=2018-09-12
statistics-initialization=
{
  "numerical Jacobians": "1", 
  "nonlinear": "0, 0, 0, 0, 0, 0, 0, 1, 0, 0, 0"
}
statistics-simulation=
{
  "numerical Jacobians": "0", 
  "nonlinear": "0, 2, 0, 0, 0, 0, 0, 0, 2, 0, 0, 0", 
  "number of continuous time states": "32", 
  "linear": "0"
}
ES.chargingMode.tubeandValveconnector.iHXtubeside.ColdTankpercentfull=[42.5, 41.83605194091796875, 41.0587005615234375, 40.18647003173828125, 39.221111297607421875, 38.28821563720703125, 37.46869659423828125, 36.762355804443359375, 36.163280487060546875, 35.5689239501953125, 34.941387176513671875, 34.280689239501953125, 33.587871551513671875, 32.871082305908203125, 32.132106781005859375, 31.37094879150390625, 30.6139373779296875, 29.975772857666015625, 29.47002410888671875, 29.096797943115234375, 28.8390331268310546875, 28.65418243408203125, 28.54036712646484375, 28.4977436065673828125, 28.49706268310546875, 28.4969081878662109375, 28.4968967437744140625, 28.4976215362548828125, 28.570644378662109375, 28.7707195281982421875, 29.105926513671875, 29.57497406005859375, 30.1912860870361328125, 30.9619159698486328125, 31.88816070556640980271, 32.96321105957030539457, 34.09978485107421875, 35.27367401123046875, 36.484954833984375, 37.7508697509765625, 39.16828155517578125, 40.753238677978515625, 42.50640869140625, 44.39353179931640625, 46.2920989990234375, 48.190662384033203125, 50.08922576904296875, 51.8980712890625, 53.430973052978515625, 54.687564849853515625, 55.672649383544921875, 56.40999603271484375, 56.923858642578125, 57.217426300048828125, 57.29632568359375, 57.29631805419921875, 57.296306610107421875, 57.296295166015625, 57.29628753662109375, 57.296276092529296875, 57.2962646484375, 57.29625701904296875, 57.296245574951171875, 57.296234130859375, 57.296222686767578125, 57.296215057373046875, 57.29620361328125, 57.296192169189453125, 57.296184539794921875, 57.296173095703125, 57.296161651611328125, 57.29615020751953125, 57.296142578125, 57.296131134033203125, 57.29611968994140625, 57.296112060546875, 57.296100616455078125, 57.29608917236328125, 57.296077728271484375, 57.296070098876953125, 57.29605865478515625, 57.296047210693359375, 57.296039581298828125, 57.29602813720703125, 57.296016693115234375, 57.29097747802734375, 56.912017822265625, 56.0770416259765625, 54.793758392333984375, 53.1776275634765625, 51.892330169677734375, 51.060665130615234375, 50.680011749267578125, 50.64987945556640625, 50.648593902587890625, 50.64842987060546875, 50.648418426513671875, 50.648410797119140625, 50.64839935302734375, 50.648387908935546875, 50.648380279541015625]
time=[0., 93600.]
ES.dischargeforHookup.BoilerTubeSide.Wdemand=[0., 0., 0., 0., 0., 0., 0., 0., 0., 0., 0., 0., 0., 0., 0., 0., 0., 0., 0., 0., 0., 0., 0., 0., 0., 0., 0., 1.11149334907531738281, 15.56090736389165840592, 30.01032257080072440658, 44.459735870361328125, 59.37160491943359375, 75.82498931884765625, 92.27837371826171875, 108.73176574707036934342, 120.34890747070311078915, 124.2280731201171875, 128.10723876953125, 131.98638916015625, 143.04803466796875, 160.2660675048828125, 177.484100341796875, 194.7021484375, 200., 200., 200., 200., 176.19415283203125, 148.0599822998046875, 119.92580413818359375, 91.7916259765625, 67.92580413818359375, 44.0599822998046875, 20.1941585540771484375, 0., 0., 0., 0., 0., 0., 0., 0., 0., 0., 0., 0., 0., 0., 0., 0., 0., 0., 0., 0., 0., 0., 0., 0., 0., 0., 0., 0., 0., 0., 0., 0., 0., 0., 0., 0., 0., 0., 0., 0.00011229999654460698, 0.00010840000322787091, 0.00010450000263517722, 0.00010060000204248354, 0.00009999999747378752, 0.00009999999747378752, 0.00009999999747378752, 0.00009999999747378752]
ES.dischargeforHookup.BoilerTubeSide.Wturb=[0.05316444858908653259, 0.05260238423943519592, 0.05204473063349723816, 0.05149148404598236084, 0.05094262957572937012, 0.05039815232157707214, 0.04985803738236427307, 0.04932225495576858521, 0.04879077896475791931, 0.04826358705759048462, 0.04774066060781478882, 0.04722198843955993652, 0.04670755192637443542, 0.04619733244180679321, 0.0456913188099861145, 0.04518949612975120544, 0.04469183832406997681, 0.0441983342170715332, 0.04370895400643348694, 0.04322367161512374878, 0.04274246096611022949, 0.04226530343294143677, 0.04179217666387557983, 0.04132306203246116638, 0.04085794463753700256, 0.04039680957794189453, 0.03993963822722434998, 0.04135372117161750793, 15.36047840118413887467, 29.80723381042474784408, 44.2543182373046875, 59.127773284912109375, 75.5662689208984375, 91.9996795654296875, 108.42621612548833809342, 120.27078247070311078915, 124.14766693115234375, 128.0243682861328125, 131.9008636474609375, 142.6314849853515625, 159.7657623291015625, 176.853118896484375, 193.8492889404296875, 199.9999847412109375, 200., 200., 200., 177.26251220703125, 148.7934417724609375, 120.49643707275390625, 92.27095794677734375, 68.29168701171875, 44.399791717529296875, 20.5179462432861328125, 0.05309362336993217468, 0.05253288149833678505, 0.05197649449110030434, 0.05142445489764214256, 0.05087674409151077964, 0.05033334717154502869, 0.04979424551129341125, 0.04925942420959472656, 0.0487288646399974823, 0.04820255190134048462, 0.04768046736717224121, 0.04716259241104125977, 0.04664891213178634644, 0.04613941162824630043, 0.04563406854867934487, 0.04513287171721459129, 0.04463579505681992271, 0.04414282739162445068, 0.04365395382046699524, 0.04316915199160575867, 0.04268841072916984558, 0.04221170768141746521, 0.04173903167247772217, 0.04127036407589912415, 0.04080569371581077576, 0.04034499824047088623, 0.03988827019929885864, 0.03943549096584320068, 0.03898664563894271851, 0.03854172304272651672, 0.03810070827603340149, 0.03766358643770217896, 0.03723035380244255066, 0.03680105134844779968, 0.03637569397687911987, 0.03595428913831710815, 0.03553683310747146606, 0.03512329980731010437, 0.0347136370837688446, 0.03430779650807380676, 0.03390575945377349854, 0.03350751474499702454, 0.03311305120587348938, 0.03272236883640289307, 0.03233545646071434021, 0.03195231407880783081, 0.03157292678952217102]
ES.chargingMode.iHXShellconnector.IHX.P_IHX=[700., 770.89501953125, 773.6234130859375, 776.30328369140625, 778.3868408203125, 775.30078125, 772.08770751953125, 768.73162841796875, 766.29931640625, 767.34844970703125, 768.37420654296875, 769.3831787109375, 770.24896240234375, 770.9072265625, 771.55926513671875, 772.20526123046875, 770.39501953125, 766.3441162109375, 761.98638916015625, 757.1903076171875, 753.6253662109375, 750.50982666015625, 747.00103759765625, 742.15423583984375, 734.2142333984375, 728.3568115234375, 724.015380859375, 719.7427978515625, 715.522705078125, 711.3524169921875, 707.2286376953125, 703.14862060546875, 699.110107421875, 695.1109619140625, 691.14935302734375, 687.22393798828125, 683.333984375, 679.47943115234375, 675.66009521484375, 671.87591552734375, 668.12652587890625, 664.411376953125, 660.730224609375, 657.08294677734375, 653.46966552734375, 649.89056396484375, 646.34576416015625, 642.83538818359375, 639.35968017578125, 635.91888427734375, 632.5135498046875, 629.1441650390625, 625.81121826171875, 622.5152587890625, 619.25701904296875, 616.03692626953125, 612.854736328125, 609.7098388671875, 606.60174560546875, 603.53009033203125, 600.49432373046875, 597.49395751953125, 594.528564453125, 591.5977783203125, 588.70098876953125, 585.83795166015625, 583.00811767578125, 580.21112060546875, 577.44647216796875, 574.71392822265625, 572.012939453125, 569.34320068359375, 566.70428466796875, 564.0958251953125, 561.5174560546875, 558.96881103515625, 556.44952392578125, 553.959228515625, 551.49761962890625, 549.0643310546875, 546.65899658203125, 544.28131103515625, 541.930908203125, 539.6075439453125, 537.310791015625, 774.7823486328125, 767.66632080078125, 781.13897705078125, 792.97088623046875, 793.634521484375, 782.18798828125, 768.64501953125, 752.1488037109375, 722.02838134765625, 704.5899658203125, 698.80291748046875, 694.62640380859375, 690.5029296875, 686.429931640625, 682.4066162109375, 678.4322509765625]
ES.dischargeforHookup.Boiler.P_Boiler=[200., 199.545196533203125, 199.09649658203125, 198.65386962890625, 198.2173004150390625, 197.7867279052734375, 197.3621368408203125, 196.9434661865234375, 196.5306854248046875, 196.1237335205078125, 195.72259521484375, 195.32720947265625, 194.9375457763671875, 194.5535736083984375, 194.1752471923828125, 193.8025360107421875, 193.4353790283203125, 193.07373046875, 192.717559814453125, 192.3668060302734375, 192.0214385986328125, 191.6813812255859375, 191.3466033935546875, 191.0170745849609375, 190.692718505859375, 190.3735198974609375, 190.0594329833984375, 191.038543701171875, 200.0008087158203125, 200.000823974609375, 200.0008544921875, 200.001007080078125, 200.0010833740234375, 200.0011749267578125, 200.0013275146484375, 200.0003509521484375, 200.0003509521484375, 200.0003662109375, 200.0003814697265625, 200.0019378662109375, 200.002471923828125, 200.003448486328125, 200.005523681640625, 200., 200., 200., 200., 199.9941253662109375, 199.99652099609375, 199.9974822998046875, 199.9979705810546875, 199.99847412109375, 199.99859619140625, 199.9986572265625, 199.9425506591796875, 199.4891357421875, 199.0417633056640625, 198.6004180908203125, 198.1650543212890625, 197.73565673828125, 197.3121490478515625, 196.89453125, 196.482757568359375, 196.0767822265625, 195.67657470703125, 195.2820892333984375, 194.8932952880859375, 194.5101470947265625, 194.1326141357421875, 193.7606353759765625, 193.3941802978515625, 193.0332183837890625, 192.6776885986328125, 192.3275604248046875, 191.9827880859375, 191.643341064453125, 191.3091583251953125, 190.9802093505859375, 190.65643310546875, 190.3378143310546875, 190.0242919921875, 189.7158203125, 189.412353515625, 189.113861083984375, 188.8202972412109375, 188.5316009521484375, 188.24774169921875, 187.968719482421875, 187.694488525390625, 187.4250335693359375, 187.1602935791015625, 186.9002227783203125, 186.644744873046875, 186.393798828125, 186.1473236083984375, 185.9052886962890625, 185.6676177978515625, 185.434295654296875, 185.20526123046875, 184.9804840087890625, 184.7599029541015625]
